ID,interest,knowledge,helped_learning,rating
0,7,3,7,2
1,5,5,6,5
2,5,6,5,1
3,5,1,5,6
4,1,1,4,4
5,1,3,3,2
6,7,7,4,7
7,4,2,6,3
8,2,6,1,7
9,2,3,6,6
10,2,4,4,6
11,7,3,2,5
12,4,7,7,7
13,5,4,7,1
14,4,5,2,3
15,3,2,5,6
16,2,6,6,1
17,6,1,1,1
18,3,3,3,2
19,7,5,1,3
20,5,4,4,6
21,3,7,3,1
22,2,5,5,4
23,1,4,1,2
24,6,2,5,5
25,6,7,1,2
26,4,4,5,5
27,4,1,2,1
28,6,5,5,2
29,6,7,3,7
30,7,7,2,1
31,6,1,2,3
32,2,6,6,2
33,5,5,2,2
34,5,1,1,1
35,1,7,2,7
36,1,3,2,3
37,6,7,1,5
38,5,3,3,2
39,2,1,6,2
40,7,4,5,1
41,4,1,1,7
42,1,3,3,1
43,7,5,5,1
44,5,5,3,2
45,1,1,5,6
46,2,5,6,3
47,4,2,6,1
48,3,3,1,2
49,4,2,4,2
50,7,6,2,3
51,1,4,2,1
52,6,6,2,5
53,3,7,4,5
54,6,4,1,2
55,2,2,4,2
56,2,5,4,2
57,1,4,6,1
58,2,7,3,7
59,6,7,2,4
60,7,4,7,6
61,4,6,7,4
62,5,6,3,1
63,6,5,3,5
64,5,6,7,7
65,3,6,1,2
66,4,1,5,2
67,7,2,7,4
68,5,1,7,4
69,4,1,4,2
70,6,7,3,3
71,7,2,5,6
72,3,1,3,7
73,3,5,7,7
74,2,1,6,4
75,7,5,1,6
76,6,7,5,7
77,3,6,4,6
78,3,4,3,2
79,5,6,4,3
80,4,2,2,1
81,1,5,6,5
82,6,6,5,1
83,2,1,5,4
84,5,7,5,1
85,7,1,4,2
86,3,7,3,1
87,5,2,7,3
88,2,4,4,4
89,2,2,5,1
90,7,4,4,7
91,5,6,6,7
92,3,4,4,5
93,6,5,2,2
94,2,5,4,2
95,6,6,7,1
96,4,5,2,4
97,2,2,2,4
98,1,1,4,5
99,2,7,1,2
100,2,5,1,7
101,6,4,2,7
102,5,3,7,6
103,6,5,4,1
104,7,4,2,2
105,7,6,1,6
106,3,3,6,1
107,4,6,4,4
108,5,1,5,1
109,4,6,4,3
110,4,2,6,1
111,5,7,6,4
112,3,1,2,7
113,7,7,2,2
114,4,3,5,1
115,5,6,4,5
116,4,3,1,5
117,4,2,2,6
118,7,3,7,4
119,7,1,2,4
120,5,4,5,6
121,2,3,5,7
122,5,7,1,7
123,1,1,2,6
124,2,2,5,2
125,4,1,1,4
126,7,4,3,4
127,7,4,6,5
128,2,3,5,6
129,3,1,4,1
130,3,5,4,2
131,4,7,4,1
132,3,1,7,5
133,6,1,4,4
134,5,1,2,4
135,7,2,2,3
136,6,6,1,1
137,7,2,7,3
138,2,2,4,7
139,6,5,2,3
140,5,6,6,2
141,7,7,2,7
142,1,7,5,2
143,2,6,2,3
144,6,2,5,1
145,7,2,7,5
146,6,4,6,6
147,5,6,5,5
148,2,1,2,4
149,5,7,2,7
150,3,3,6,4
151,3,7,3,1
152,6,7,5,7
153,4,5,3,5
154,5,2,5,6
155,4,5,5,5
156,3,1,4,2
157,5,7,7,3
158,2,3,1,4
159,7,6,1,1
160,6,7,1,1
161,4,7,7,4
162,6,2,7,6
163,7,2,4,2
164,2,2,4,1
165,4,1,4,1
166,4,6,7,5
167,1,4,2,4
168,5,2,6,7
169,5,5,3,2
170,5,4,3,2
171,6,1,5,7
172,5,7,4,7
173,1,3,7,5
174,3,2,1,3
175,6,4,5,1
176,4,3,1,2
177,4,5,1,6
178,7,1,4,5
179,5,3,7,7
180,6,2,7,7
181,7,6,5,6
182,2,6,4,1
183,4,4,4,3
184,6,7,2,4
185,6,5,2,6
186,5,1,3,1
187,6,7,6,3
188,1,4,4,2
189,5,1,7,7
190,3,4,5,6
191,2,4,5,4
192,2,2,4,3
193,6,7,3,2
194,1,3,6,4
195,6,7,1,7
196,4,4,7,4
197,5,5,6,4
198,2,2,3,7
199,7,2,4,2
200,4,2,2,1
201,3,2,2,5
202,2,5,2,5
203,3,1,3,3
204,1,4,7,3
205,6,1,5,1
206,3,5,6,5
207,5,3,2,1
208,5,3,2,7
209,4,2,3,7
210,7,7,6,7
211,3,1,4,2
212,6,1,3,7
213,1,7,6,4
214,3,6,6,3
215,1,2,3,3
216,2,2,5,3
217,5,6,7,3
218,5,6,5,2
219,2,2,2,6
220,1,3,1,1
221,7,4,5,4
222,7,5,7,2
223,3,3,7,1
224,1,6,7,1
225,3,6,7,5
226,1,3,3,6
227,2,7,4,2
228,7,7,3,5
229,7,3,5,3
230,1,3,4,7
231,2,5,5,4
232,4,5,2,3
233,7,5,3,1
234,4,6,1,6
235,6,5,4,2
236,5,4,3,5
237,2,3,1,5
238,1,1,1,1
239,2,5,1,1
240,2,1,3,3
241,4,3,1,4
242,4,6,1,7
243,3,3,2,5
244,4,5,4,3
245,1,5,3,5
246,4,6,7,7
247,1,6,1,1
248,4,6,2,1
249,7,7,7,2
250,6,7,7,7
251,5,6,4,1
252,6,3,2,6
253,6,4,5,1
254,2,6,1,7
255,2,2,5,4
256,4,3,4,6
257,6,6,5,5
258,4,4,6,6
259,7,3,5,3
260,1,6,1,4
261,1,2,2,7
262,4,1,2,6
263,4,3,6,3
264,4,5,3,5
265,6,4,1,5
266,6,4,5,6
267,3,2,5,1
268,4,3,2,6
269,3,5,5,5
270,3,6,4,3
271,4,6,7,4
272,2,1,7,2
273,6,7,6,3
274,1,5,1,2
275,7,7,5,4
276,4,7,7,6
277,7,7,6,2
278,6,3,6,2
279,7,7,3,6
280,7,6,4,1
281,4,5,7,2
282,7,2,7,1
283,2,2,1,4
284,5,7,1,5
285,5,4,7,5
286,1,6,2,2
287,2,3,5,7
288,7,7,2,1
289,3,6,2,3
290,6,7,4,4
291,7,6,7,2
292,1,1,3,6
293,6,4,3,3
294,2,6,1,5
295,1,2,7,2
296,3,1,2,5
297,1,7,7,4
298,1,6,7,3
299,1,2,5,7
300,1,7,4,7
301,3,5,4,5
302,4,1,5,1
303,7,5,5,1
304,3,2,6,4
305,1,7,1,1
306,4,5,2,7
307,1,2,2,5
308,5,6,6,2
309,3,7,2,6
310,3,6,2,1
311,2,2,2,1
312,3,1,2,4
313,2,4,4,7
314,5,3,4,6
315,7,5,5,1
316,3,7,7,4
317,3,2,6,2
318,4,3,7,7
319,7,4,5,6
320,7,6,2,3
321,6,3,1,7
322,1,7,3,6
323,3,2,1,5
324,7,6,6,6
325,3,5,4,7
326,3,3,6,7
327,3,3,2,5
328,6,1,7,4
329,5,6,2,7
330,5,7,5,1
331,1,5,4,7
332,6,2,4,2
333,4,2,1,7
334,7,2,2,4
335,6,6,4,7
336,6,1,4,2
337,3,7,2,3
338,6,3,6,6
339,6,7,5,7
340,7,6,1,4
341,6,6,3,7
342,5,1,3,2
343,1,7,1,4
344,5,4,1,5
345,1,2,2,5
346,3,7,5,1
347,5,5,2,7
348,2,1,2,3
349,3,5,3,3
350,3,1,5,1
351,5,2,5,4
352,5,5,6,7
353,1,2,1,1
354,6,3,6,5
355,7,7,6,7
356,2,1,7,5
357,3,7,2,4
358,2,2,1,3
359,2,4,1,5
360,5,5,4,2
361,3,7,1,1
362,6,5,4,3
363,7,5,2,2
364,3,7,6,3
365,7,5,1,5
366,6,4,1,6
367,1,2,2,3
368,5,7,5,5
369,6,6,3,4
370,3,6,4,1
371,6,6,3,3
372,1,4,3,1
373,6,4,5,5
374,5,1,3,5
375,6,7,4,6
376,2,2,3,7
377,4,2,4,6
378,4,2,6,4
379,6,2,4,4
380,6,3,5,7
381,4,7,6,5
382,6,3,3,1
383,1,7,1,3
384,4,5,3,1
385,7,6,1,3
386,5,2,1,5
387,4,6,3,4
388,6,1,4,7
389,5,3,7,2
390,6,2,1,7
391,6,2,3,3
392,5,5,7,5
393,4,7,5,5
394,1,4,1,6
395,7,4,4,2
396,3,5,6,1
397,3,6,4,7
398,6,4,5,4
399,3,5,3,4
400,7,7,2,2
401,1,2,5,5
402,6,6,4,3
403,7,6,4,1
404,5,2,1,6
405,4,1,3,7
406,5,4,6,3
407,2,2,4,6
408,1,4,6,6
409,1,2,4,6
410,1,7,4,6
411,4,4,7,7
412,5,2,2,6
413,5,3,1,6
414,1,7,3,6
415,2,5,1,4
416,6,2,1,5
417,7,5,3,2
418,3,5,2,1
419,5,6,3,1
420,4,7,7,1
421,2,2,4,1
422,7,6,1,1
423,4,6,4,4
424,3,3,2,6
425,6,2,6,5
426,3,3,7,3
427,6,7,7,7
428,1,7,3,7
429,7,5,7,4
430,7,7,1,5
431,6,3,5,1
432,5,7,5,1
433,4,4,3,5
434,1,5,5,1
435,5,7,6,1
436,6,6,2,4
437,4,2,3,5
438,1,7,1,4
439,6,3,4,6
440,6,7,4,4
441,4,6,4,2
442,4,3,2,4
443,6,1,6,5
444,4,4,5,1
445,6,2,2,7
446,5,4,2,6
447,4,1,4,5
448,7,3,3,2
449,4,3,2,3
450,4,3,4,6
451,4,6,1,5
452,6,5,2,2
453,1,2,5,7
454,1,6,3,3
455,1,2,6,1
456,4,7,1,7
457,2,1,7,5
458,6,7,7,7
459,7,2,6,3
460,5,2,4,7
461,3,2,4,6
462,1,4,2,6
463,1,5,5,7
464,6,5,3,4
465,1,2,5,3
466,6,3,5,6
467,1,4,2,3
468,2,4,2,7
469,4,2,4,2
470,2,1,4,5
471,3,5,6,1
472,7,2,6,6
473,1,6,5,2
474,2,2,2,7
475,6,1,6,2
476,6,5,1,1
477,6,2,5,2
478,3,5,4,1
479,6,1,2,2
480,6,7,3,3
481,2,3,3,2
482,4,3,6,3
483,5,2,4,2
484,2,3,2,7
485,3,7,4,1
486,3,3,6,6
487,7,2,2,1
488,4,4,6,6
489,4,4,5,3
490,5,4,7,3
491,3,3,5,4
492,6,3,1,6
493,7,4,1,2
494,5,7,4,7
495,4,6,4,3
496,6,6,6,2
497,5,5,3,4
498,3,7,1,7
499,2,6,7,2
500,7,5,4,3
501,4,4,4,2
502,6,2,1,4
503,7,1,4,4
504,1,3,5,6
505,6,1,1,2
506,3,1,3,4
507,4,3,4,2
508,3,7,3,4
509,1,4,4,1
510,1,5,1,7
511,3,7,6,1
512,5,3,1,6
513,7,4,4,1
514,1,1,1,2
515,3,3,5,6
516,2,5,6,2
517,5,2,6,5
518,5,2,2,2
519,5,2,5,1
520,1,7,2,5
521,2,4,3,1
522,6,4,6,4
523,5,7,6,7
524,6,3,7,5
525,5,3,7,7
526,6,4,7,5
527,1,1,7,2
528,3,7,6,3
529,5,4,6,1
530,1,3,3,3
531,5,6,1,6
532,3,6,1,7
533,5,2,5,2
534,3,7,6,1
535,3,5,3,7
536,4,7,5,6
537,6,3,4,5
538,3,5,1,5
539,2,3,3,1
540,2,7,7,5
541,7,7,3,6
542,5,7,7,5
543,1,3,4,5
544,2,2,2,4
545,6,1,2,6
546,5,7,5,6
547,4,1,6,1
548,4,7,3,3
549,4,7,4,5
550,7,7,4,4
551,3,6,6,1
552,4,7,7,4
553,4,3,7,5
554,6,5,6,6
555,3,6,1,4
556,4,6,7,7
557,4,5,6,1
558,4,4,1,5
559,4,3,3,7
560,1,1,3,7
561,4,6,3,6
562,3,2,6,4
563,5,6,2,2
564,6,5,7,2
565,7,3,7,1
566,4,5,3,7
567,4,3,4,5
568,7,6,6,3
569,4,2,7,7
570,2,7,1,4
571,5,5,6,2
572,5,3,5,7
573,2,2,2,5
574,4,2,3,4
575,4,3,6,3
576,2,6,7,1
577,3,3,2,7
578,1,4,6,3
579,3,4,7,4
580,3,6,6,3
581,1,3,6,4
582,5,1,7,2
583,2,6,3,2
584,7,7,6,2
585,3,3,5,2
586,3,6,4,6
587,7,4,2,6
588,1,2,5,4
589,4,5,2,1
590,6,3,7,4
591,2,5,2,6
592,2,3,2,7
593,3,5,3,1
594,6,1,6,6
595,2,4,1,6
596,7,2,2,5
597,1,5,5,6
598,5,5,7,1
599,2,7,1,7
600,2,6,4,7
601,4,4,3,5
602,4,7,3,1
603,1,1,7,3
604,5,7,1,7
605,5,6,4,7
606,6,5,2,5
607,4,6,2,2
608,4,4,3,1
609,4,7,3,2
610,3,7,1,3
611,6,3,3,1
612,6,4,2,6
613,2,3,3,3
614,1,5,6,3
615,5,5,4,6
616,2,1,4,5
617,7,3,4,4
618,1,1,3,4
619,4,2,6,6
620,2,6,1,4
621,5,7,5,7
622,1,7,3,3
623,5,5,3,5
624,5,3,6,6
625,4,7,1,3
626,6,4,6,1
627,5,3,3,7
628,1,5,4,4
629,7,1,4,3
630,1,5,3,3
631,5,3,2,3
632,1,6,6,6
633,2,7,1,2
634,1,6,1,2
635,7,1,3,4
636,5,5,7,2
637,7,4,3,5
638,7,5,4,1
639,3,1,2,5
640,4,1,3,3
641,7,4,3,4
642,1,4,6,2
643,1,7,6,3
644,2,2,7,2
645,3,7,5,4
646,5,6,2,5
647,4,7,2,6
648,1,7,5,7
649,7,7,1,3
650,1,4,5,6
651,5,2,1,6
652,2,5,2,4
653,2,7,1,7
654,6,1,7,4
655,3,5,5,2
656,4,4,5,6
657,6,6,2,7
658,2,3,2,1
659,1,3,4,3
660,6,3,6,4
661,7,7,2,6
662,6,6,6,3
663,6,1,7,7
664,5,7,1,7
665,7,6,3,4
666,5,6,5,7
667,2,3,7,7
668,3,7,3,4
669,3,4,2,6
670,5,5,4,6
671,6,7,3,1
672,4,7,3,7
673,1,2,4,6
674,5,2,7,7
675,1,2,7,1
676,5,3,4,3
677,5,6,2,5
678,1,3,1,3
679,5,7,7,5
680,5,2,6,3
681,3,3,1,3
682,5,2,2,3
683,7,2,3,6
684,7,3,2,4
685,6,4,6,5
686,6,2,7,1
687,5,6,5,5
688,4,2,1,2
689,3,4,3,2
690,7,5,1,6
691,5,5,2,6
692,2,3,2,2
693,1,6,6,5
694,2,4,1,6
695,2,4,3,3
696,7,3,5,3
697,7,1,6,1
698,6,3,7,4
699,4,7,2,6
700,6,1,4,7
701,5,7,5,7
702,4,3,5,6
703,6,5,6,7
704,2,7,2,4
705,4,1,3,7
706,6,1,4,5
707,2,6,2,2
708,4,4,4,3
709,3,1,4,7
710,2,2,2,1
711,2,7,7,3
712,7,2,4,3
713,3,3,5,6
714,5,4,5,7
715,7,3,4,7
716,2,1,6,1
717,1,1,4,6
718,2,2,2,7
719,6,6,3,7
720,3,4,1,1
721,1,2,3,5
722,6,7,1,1
723,6,7,6,7
724,7,2,3,5
725,2,7,3,3
726,2,1,1,6
727,1,1,4,2
728,3,4,5,1
729,4,3,6,1
730,2,6,6,4
731,7,7,3,4
732,5,1,2,1
733,2,7,1,2
734,4,2,1,3
735,6,5,5,5
736,3,7,2,1
737,5,1,3,1
738,7,3,4,6
739,6,1,2,7
740,4,1,1,5
741,4,4,7,1
742,7,1,4,5
743,6,3,5,3
744,4,4,2,3
745,5,6,5,6
746,5,1,7,2
747,1,3,2,2
748,4,2,2,2
749,3,1,2,5
750,4,3,2,3
751,2,2,2,3
752,3,6,1,5
753,3,4,2,4
754,3,3,1,3
755,1,2,1,2
756,2,4,3,5
757,6,7,7,2
758,3,6,6,4
759,5,4,6,6
760,6,5,2,1
761,4,5,4,4
762,7,3,6,4
763,5,5,6,1
764,4,6,1,3
765,5,2,7,7
766,3,5,3,6
767,5,3,6,2
768,6,5,3,3
769,5,7,7,3
770,6,2,5,4
771,6,6,1,4
772,4,1,5,2
773,7,6,5,6
774,6,6,7,4
775,4,2,3,4
776,2,3,1,1
777,6,3,6,3
778,6,1,5,6
779,1,2,4,4
780,3,6,5,2
781,6,1,6,2
782,3,3,2,4
783,1,7,3,2
784,7,7,6,1
785,2,5,1,6
786,3,1,2,3
787,7,2,6,1
788,5,7,7,4
789,1,3,5,6
790,6,6,2,3
791,7,4,1,3
792,4,1,5,3
793,3,5,7,2
794,7,6,5,6
795,1,1,6,3
796,2,6,3,7
797,7,4,3,4
798,5,5,7,5
799,7,3,5,4
800,5,5,3,7
801,5,2,7,4
802,5,5,2,5
803,7,4,7,1
804,7,3,2,3
805,7,1,3,3
806,3,7,7,3
807,1,7,3,3
808,3,6,4,3
809,7,4,4,3
810,2,1,7,2
811,2,2,3,4
812,4,1,4,5
813,6,6,1,3
814,3,1,2,2
815,5,2,5,2
816,4,2,4,1
817,1,3,7,7
818,1,4,4,3
819,2,7,5,5
820,1,6,2,2
821,7,1,1,3
822,6,2,7,5
823,7,5,2,2
824,4,5,2,3
825,1,5,4,4
826,7,2,4,6
827,1,7,5,4
828,7,3,6,6
829,3,3,7,3
830,7,2,1,4
831,1,2,4,5
832,3,6,5,6
833,6,6,5,1
834,2,1,2,3
835,5,5,7,5
836,3,3,7,6
837,7,1,2,3
838,6,2,3,3
839,2,5,4,6
840,4,4,2,3
841,5,6,7,5
842,2,1,7,4
843,2,2,5,3
844,3,7,5,6
845,4,2,4,7
846,2,7,4,6
847,5,7,3,7
848,2,5,7,3
849,4,5,4,7
850,6,2,7,2
851,6,3,1,5
852,6,5,3,1
853,1,6,7,4
854,5,3,3,2
855,2,3,2,1
856,6,5,7,2
857,4,5,6,3
858,7,6,4,3
859,3,1,4,5
860,3,5,6,3
861,7,5,3,4
862,7,5,7,4
863,3,6,6,7
864,1,5,4,6
865,7,3,1,3
866,4,2,3,3
867,6,5,6,6
868,1,7,1,7
869,7,4,6,4
870,3,2,5,5
871,2,5,5,4
872,1,3,2,2
873,2,5,7,1
874,7,2,2,5
875,7,4,4,1
876,4,5,7,1
877,7,2,5,5
878,5,3,7,3
879,2,7,5,3
880,4,2,5,6
881,3,2,2,3
882,5,6,4,4
883,6,1,4,5
884,4,6,7,2
885,7,4,2,3
886,2,4,7,6
887,5,5,5,5
888,1,3,1,1
889,3,6,1,6
890,7,7,3,1
891,4,1,3,7
892,4,7,7,7
893,6,2,4,6
894,6,3,6,5
895,1,3,6,1
896,4,5,3,1
897,3,3,6,3
898,5,4,2,5
899,2,2,6,3
900,5,2,1,3
901,3,4,7,2
902,4,5,3,6
903,6,7,4,3
904,6,5,1,4
905,6,5,5,1
906,3,3,7,2
907,1,7,4,5
908,5,1,6,1
909,7,3,6,1
910,1,4,5,3
911,7,4,3,4
912,5,4,4,3
913,2,1,4,4
914,6,2,2,6
915,1,4,5,7
916,2,2,4,6
917,5,7,5,2
918,3,1,3,1
919,5,3,6,2
920,3,1,3,6
921,3,1,4,5
922,4,4,3,5
923,5,6,1,5
924,3,6,1,3
925,1,2,7,2
926,2,7,2,1
927,7,2,1,2
928,6,3,1,2
929,5,7,6,3
930,2,7,2,5
931,1,1,7,7
932,7,4,1,4
933,1,6,5,7
934,6,5,7,5
935,6,5,4,5
936,1,6,5,6
937,5,1,1,3
938,1,6,1,3
939,2,3,1,4
940,3,7,1,7
941,1,3,7,5
942,1,3,7,5
943,1,2,6,2
944,4,5,6,4
945,2,3,4,6
946,7,3,7,1
947,2,3,5,5
948,4,4,4,2
949,2,3,3,6
950,4,3,3,1
951,4,2,5,1
952,3,1,3,3
953,6,2,1,2
954,4,2,2,2
955,3,6,1,5
956,1,4,5,2
957,5,1,2,5
958,3,6,6,7
959,3,7,6,5
960,2,6,1,6
961,1,7,2,2
962,1,5,4,5
963,5,1,2,5
964,1,4,2,6
965,4,6,4,1
966,4,2,6,4
967,4,1,1,3
968,1,4,2,5
969,2,1,2,2
970,1,3,2,5
971,7,2,1,4
972,7,7,6,7
973,5,2,4,5
974,2,6,6,3
975,3,3,2,5
976,1,3,5,6
977,1,4,5,7
978,6,4,3,5
979,7,1,6,2
980,7,3,5,4
981,4,1,7,6
982,1,3,7,3
983,2,3,3,2
984,4,5,2,5
985,1,2,7,2
986,3,6,1,6
987,4,2,3,4
988,7,1,3,7
989,4,5,5,6
990,5,5,7,2
991,4,2,2,7
992,3,6,2,1
993,4,6,6,2
994,5,1,1,7
995,3,4,1,2
996,7,1,2,5
997,3,3,7,1
998,4,2,1,5
999,3,3,2,5
