ID,interest,knowledge,helped_learning,rating
0,3,5,3,5
1,4,6,6,5
2,2,2,4,4
3,7,3,6,4
4,6,2,5,3
5,3,3,5,3
6,7,7,5,2
7,2,7,1,2
8,3,4,3,7
9,3,6,1,7
10,4,2,2,7
11,4,5,7,2
12,6,3,4,5
13,2,1,7,4
14,5,4,6,5
15,3,6,2,2
16,5,2,7,3
17,2,5,4,3
18,6,1,5,6
19,4,1,7,2
20,2,7,2,2
21,4,7,5,5
22,3,3,1,5
23,1,6,5,6
24,5,7,6,4
25,6,2,4,1
26,6,1,5,2
27,4,6,3,5
28,2,2,4,4
29,3,6,2,7
30,5,6,4,2
31,1,3,1,5
32,3,4,4,2
33,1,7,3,4
34,6,5,5,6
35,4,6,1,1
36,6,1,3,5
37,7,2,1,2
38,2,2,4,3
39,3,4,7,7
40,7,2,5,7
41,7,6,1,6
42,1,4,3,7
43,2,5,5,3
44,4,2,1,4
45,6,1,3,3
46,7,5,5,1
47,5,5,4,4
48,3,6,5,7
49,4,3,1,5
50,7,6,3,4
51,7,4,4,1
52,3,7,2,2
53,5,2,7,5
54,3,3,4,6
55,7,6,4,2
56,5,5,5,4
57,3,3,2,6
58,4,6,6,5
59,6,5,4,4
60,1,6,6,1
61,6,6,2,5
62,3,1,3,5
63,2,6,7,4
64,2,6,4,3
65,2,5,6,7
66,4,2,3,3
67,4,1,7,7
68,6,5,3,1
69,6,7,3,4
70,4,1,4,5
71,2,4,2,6
72,6,5,6,7
73,2,5,6,7
74,7,7,2,1
75,3,2,1,6
76,7,1,5,1
77,6,1,1,5
78,4,6,2,3
79,3,1,4,7
80,3,4,5,6
81,7,4,3,3
82,5,4,7,1
83,2,7,5,7
84,7,6,2,5
85,6,1,6,4
86,2,5,7,2
87,2,6,7,1
88,7,3,1,6
89,7,2,3,3
90,7,2,1,3
91,3,1,6,1
92,6,2,6,1
93,3,6,3,4
94,4,2,1,6
95,4,4,7,4
96,3,7,5,3
97,5,1,7,2
98,5,4,7,1
99,6,4,2,3
100,7,6,6,5
101,1,7,2,3
102,4,3,5,2
103,4,3,4,3
104,7,7,1,6
105,5,6,4,7
106,3,2,5,5
107,2,1,4,4
108,6,6,7,4
109,6,2,6,7
110,7,3,4,6
111,1,7,4,2
112,3,1,6,4
113,7,7,2,2
114,2,3,4,5
115,4,1,5,1
116,6,1,7,4
117,2,4,5,1
118,4,6,3,6
119,2,4,7,5
120,5,5,3,6
121,3,4,5,4
122,2,6,6,1
123,2,7,1,1
124,6,4,2,3
125,4,6,7,6
126,6,2,3,4
127,3,1,3,4
128,7,1,7,1
129,4,5,3,4
130,1,5,1,5
131,4,4,7,1
132,6,1,5,1
133,6,6,3,1
134,5,4,4,2
135,2,4,2,4
136,6,3,7,5
137,1,5,5,2
138,1,6,7,4
139,3,7,5,7
140,2,6,4,6
141,2,3,4,2
142,7,2,2,3
143,1,7,5,7
144,2,3,2,7
145,6,4,3,6
146,7,3,7,7
147,4,1,5,1
148,1,6,1,5
149,1,7,2,3
150,4,5,6,3
151,3,4,4,4
152,7,2,5,2
153,2,2,1,2
154,4,5,2,4
155,7,1,5,6
156,2,6,3,5
157,6,3,5,4
158,3,7,2,5
159,4,2,5,1
160,3,4,1,1
161,3,7,3,7
162,5,7,7,1
163,3,6,4,7
164,7,6,5,2
165,6,3,3,4
166,6,5,6,6
167,3,7,4,1
168,7,4,2,7
169,2,4,3,4
170,4,4,2,3
171,2,5,7,2
172,1,6,6,2
173,2,7,5,4
174,6,1,7,6
175,2,7,7,7
176,2,5,7,3
177,1,4,3,6
178,1,5,1,2
179,5,1,2,4
180,2,5,5,1
181,3,6,1,4
182,3,6,6,2
183,6,3,1,1
184,1,1,2,4
185,5,3,1,7
186,5,6,1,6
187,1,3,3,1
188,4,2,1,2
189,4,7,2,1
190,1,5,6,5
191,7,5,7,2
192,2,7,1,7
193,2,4,2,1
194,6,6,2,6
195,6,4,7,2
196,5,7,4,3
197,5,2,7,6
198,7,3,3,2
199,6,6,5,7
200,5,5,6,7
201,7,5,7,2
202,1,1,3,4
203,1,5,2,1
204,5,6,7,1
205,6,2,7,7
206,7,3,5,3
207,3,7,7,6
208,3,5,6,6
209,7,5,6,5
210,3,3,7,5
211,2,4,3,1
212,7,2,1,6
213,6,6,4,1
214,1,2,3,1
215,5,5,2,4
216,2,2,2,7
217,3,1,6,6
218,5,6,1,3
219,2,5,4,1
220,6,5,4,1
221,5,4,2,6
222,2,5,7,2
223,3,4,6,2
224,3,3,1,1
225,2,6,5,7
226,1,4,2,7
227,5,7,2,3
228,6,6,6,3
229,6,6,6,5
230,1,3,4,3
231,5,3,6,6
232,5,7,5,6
233,7,5,4,3
234,4,5,2,3
235,2,1,5,5
236,4,4,7,4
237,4,1,4,6
238,4,7,3,7
239,1,2,6,4
240,4,3,5,5
241,4,3,4,2
242,7,5,6,1
243,5,6,4,5
244,4,4,4,2
245,4,2,5,4
246,2,2,7,5
247,1,6,7,5
248,7,1,4,5
249,6,5,6,4
250,3,3,2,4
251,4,2,3,2
252,2,4,5,2
253,1,2,2,1
254,7,1,1,4
255,3,5,1,6
256,5,4,4,5
257,6,4,7,5
258,1,2,7,6
259,2,2,1,6
260,2,4,7,2
261,5,7,2,2
262,1,2,3,6
263,1,5,1,2
264,6,7,4,2
265,1,5,3,7
266,7,2,6,1
267,3,5,3,1
268,3,6,7,1
269,2,2,1,4
270,6,4,2,3
271,2,7,5,5
272,2,2,2,2
273,1,7,1,1
274,3,2,4,4
275,6,7,5,2
276,5,4,1,4
277,1,4,6,7
278,6,4,6,6
279,3,6,7,1
280,5,2,3,2
281,7,1,7,2
282,6,4,2,2
283,1,2,5,7
284,1,5,4,3
285,4,5,4,2
286,4,2,5,5
287,2,7,4,7
288,7,2,2,5
289,2,5,1,3
290,5,5,4,6
291,3,3,2,3
292,2,6,1,2
293,5,3,4,3
294,7,3,7,6
295,6,2,4,1
296,1,2,4,6
297,3,1,4,7
298,6,6,6,4
299,2,4,4,3
300,3,3,2,4
301,1,6,3,4
302,5,2,5,5
303,3,4,5,3
304,5,5,3,4
305,1,2,1,5
306,3,3,6,3
307,6,5,7,2
308,3,3,3,7
309,5,5,1,2
310,4,2,6,5
311,7,7,1,3
312,3,2,6,1
313,6,1,1,4
314,6,7,6,1
315,4,6,5,2
316,1,7,3,2
317,7,7,6,3
318,7,1,6,2
319,6,5,3,6
320,5,5,3,5
321,4,3,4,1
322,4,2,4,6
323,1,2,6,2
324,5,4,7,7
325,3,2,1,2
326,6,5,2,3
327,2,4,3,5
328,5,3,6,4
329,3,4,6,5
330,5,5,4,2
331,2,4,4,4
332,3,4,4,4
333,4,3,5,3
334,7,4,4,7
335,2,4,1,1
336,5,7,6,5
337,5,3,1,3
338,7,1,3,2
339,5,1,6,6
340,6,2,3,7
341,6,3,4,7
342,4,5,3,7
343,2,3,7,3
344,1,2,7,2
345,3,5,2,2
346,5,2,7,5
347,5,7,7,6
348,2,3,1,2
349,5,1,6,2
350,2,1,6,3
351,6,3,4,3
352,1,1,3,2
353,3,5,3,7
354,2,6,4,1
355,3,7,4,4
356,7,6,5,6
357,1,7,3,7
358,4,5,1,1
359,6,1,7,3
360,1,1,1,5
361,1,6,1,1
362,7,7,3,4
363,6,7,1,3
364,4,1,5,2
365,6,6,4,7
366,7,6,3,4
367,6,5,5,1
368,2,5,2,6
369,3,4,4,2
370,4,4,5,7
371,5,7,5,6
372,3,4,7,2
373,3,2,1,1
374,5,1,5,6
375,6,7,4,1
376,6,2,2,2
377,2,5,6,6
378,6,4,3,4
379,3,1,6,6
380,7,1,7,6
381,5,5,5,3
382,3,6,5,1
383,7,4,4,7
384,4,7,7,7
385,5,3,6,5
386,1,1,4,7
387,3,7,3,3
388,3,4,7,3
389,1,7,6,3
390,5,6,1,6
391,2,6,3,6
392,3,1,7,2
393,4,2,2,3
394,1,7,5,6
395,3,1,7,5
396,7,4,6,2
397,6,6,5,5
398,6,6,5,3
399,5,7,4,2
400,6,2,4,6
401,7,4,2,5
402,3,1,7,7
403,4,1,1,6
404,1,6,3,4
405,2,5,7,3
406,4,4,2,3
407,4,1,3,2
408,6,4,5,7
409,3,7,7,7
410,6,1,1,4
411,5,3,7,6
412,1,4,3,2
413,2,4,4,1
414,2,3,7,2
415,6,5,5,6
416,3,5,1,1
417,6,4,6,1
418,2,7,7,7
419,7,3,7,4
420,7,7,1,5
421,4,2,4,4
422,5,5,7,1
423,5,5,6,6
424,6,4,4,1
425,5,5,3,1
426,6,3,5,4
427,2,4,4,7
428,6,5,4,2
429,5,6,3,6
430,1,6,1,5
431,7,3,5,7
432,2,2,1,5
433,3,5,6,5
434,3,3,5,2
435,5,5,6,6
436,2,7,3,1
437,7,7,5,3
438,1,1,4,3
439,2,6,4,1
440,1,5,4,2
441,4,5,1,6
442,2,1,3,4
443,2,2,2,4
444,6,2,4,1
445,7,6,7,4
446,5,3,6,2
447,3,6,2,7
448,4,1,3,2
449,2,7,6,2
450,3,1,1,6
451,4,7,5,1
452,4,5,5,6
453,2,1,4,1
454,7,2,6,2
455,2,6,5,1
456,4,5,5,6
457,6,5,6,4
458,2,7,4,5
459,6,3,4,4
460,2,4,2,6
461,3,2,6,6
462,5,7,3,7
463,6,2,6,7
464,2,7,7,3
465,2,4,5,5
466,2,7,4,7
467,7,1,6,7
468,4,6,2,1
469,3,3,6,7
470,1,4,2,7
471,6,3,1,3
472,7,4,7,3
473,4,1,2,3
474,5,2,4,6
475,6,1,4,6
476,3,3,5,7
477,6,5,6,2
478,2,7,2,4
479,6,4,1,7
480,6,3,1,3
481,7,6,7,6
482,4,6,7,7
483,2,4,6,4
484,6,5,6,2
485,5,3,2,1
486,3,1,1,6
487,1,4,4,5
488,5,2,3,4
489,1,2,1,1
490,7,1,1,7
491,3,4,3,5
492,6,6,2,4
493,2,1,3,6
494,7,7,2,5
495,4,1,4,6
496,7,2,1,5
497,7,1,1,3
498,6,7,6,2
499,5,2,3,6
500,6,2,1,6
501,5,2,2,2
502,1,3,5,1
503,5,1,2,2
504,4,5,6,4
505,1,3,6,7
506,2,5,6,4
507,4,2,1,4
508,3,7,6,2
509,1,2,5,6
510,5,5,7,1
511,2,6,4,5
512,6,3,5,4
513,3,5,1,3
514,1,6,5,2
515,1,2,3,4
516,7,4,3,3
517,1,4,4,3
518,3,6,2,4
519,2,2,7,6
520,4,7,4,1
521,7,2,3,3
522,6,7,5,5
523,5,1,6,4
524,4,6,1,2
525,6,6,3,3
526,2,6,7,3
527,4,4,2,3
528,4,2,4,2
529,2,1,6,1
530,3,3,6,4
531,4,4,4,6
532,7,7,1,4
533,7,1,5,1
534,4,4,7,3
535,7,2,2,5
536,3,1,4,7
537,1,4,7,6
538,6,5,6,4
539,6,7,7,7
540,4,6,3,3
541,3,3,1,4
542,5,5,3,4
543,5,1,1,7
544,5,3,7,1
545,7,1,1,4
546,7,1,6,3
547,2,1,1,1
548,1,4,1,7
549,2,1,3,4
550,3,5,6,1
551,6,6,2,5
552,4,5,6,1
553,3,3,3,4
554,6,4,7,3
555,4,6,3,6
556,4,5,1,1
557,7,7,6,2
558,6,2,3,4
559,3,3,2,7
560,2,6,5,5
561,1,5,5,5
562,4,4,7,3
563,5,3,6,4
564,5,6,1,3
565,5,7,6,7
566,6,4,2,2
567,3,4,1,7
568,3,2,2,2
569,4,4,3,3
570,2,3,3,4
571,3,6,6,6
572,4,7,1,4
573,6,7,4,3
574,3,2,6,7
575,2,7,7,7
576,3,2,5,4
577,2,6,5,4
578,3,5,2,4
579,1,6,2,1
580,1,3,4,7
581,4,1,4,4
582,6,2,1,7
583,2,2,5,5
584,3,1,6,3
585,3,3,5,1
586,4,2,7,5
587,6,7,7,2
588,1,1,3,7
589,3,1,1,1
590,1,3,5,2
591,4,2,4,7
592,1,5,5,7
593,4,6,3,2
594,4,2,6,7
595,1,5,2,3
596,3,6,1,1
597,7,1,3,2
598,2,1,7,2
599,2,1,4,7
600,6,7,1,7
601,7,3,4,6
602,1,6,4,1
603,6,1,5,7
604,4,3,7,6
605,3,5,4,5
606,7,1,3,1
607,3,7,3,1
608,4,1,7,4
609,1,2,1,7
610,5,3,5,4
611,6,2,5,5
612,1,6,3,5
613,7,7,1,1
614,4,3,1,4
615,3,1,2,3
616,3,2,2,3
617,6,4,3,1
618,3,1,6,7
619,2,4,7,4
620,1,3,7,5
621,1,5,6,1
622,4,1,5,3
623,3,3,4,5
624,6,5,3,5
625,2,5,6,2
626,2,5,5,5
627,3,2,1,6
628,5,2,6,6
629,7,4,1,1
630,4,2,3,5
631,3,3,6,1
632,1,7,2,1
633,7,2,4,4
634,3,2,7,3
635,1,1,5,2
636,7,5,3,5
637,1,7,2,2
638,4,1,1,5
639,2,4,2,1
640,6,4,2,3
641,4,1,6,6
642,6,6,7,6
643,2,4,2,5
644,3,4,3,6
645,7,7,3,7
646,7,6,7,4
647,4,1,3,1
648,3,4,6,3
649,2,6,2,1
650,1,6,2,5
651,5,1,1,5
652,1,5,7,3
653,2,3,5,1
654,7,1,7,4
655,4,5,1,1
656,5,5,3,5
657,4,6,6,2
658,6,6,4,3
659,3,4,3,2
660,1,3,7,3
661,5,4,4,6
662,6,5,7,2
663,5,2,6,7
664,4,4,2,5
665,4,1,7,7
666,3,1,3,4
667,7,7,2,2
668,4,3,5,7
669,4,2,7,6
670,5,6,7,2
671,2,2,3,2
672,1,6,2,5
673,2,1,5,4
674,6,3,3,6
675,3,5,6,1
676,1,5,3,5
677,3,2,5,2
678,5,7,2,3
679,5,5,7,7
680,1,6,4,2
681,5,5,7,3
682,2,2,2,7
683,3,2,5,5
684,3,2,7,2
685,1,6,6,1
686,1,6,7,3
687,1,1,4,3
688,7,3,2,7
689,5,2,6,2
690,4,2,3,7
691,2,2,1,7
692,7,4,6,1
693,3,5,1,7
694,4,3,1,7
695,6,7,6,3
696,5,2,4,5
697,7,1,5,5
698,3,2,2,3
699,5,6,4,6
700,6,1,5,2
701,4,7,2,2
702,2,5,7,6
703,2,5,5,6
704,4,4,4,3
705,2,3,1,1
706,4,3,3,4
707,3,7,3,2
708,6,1,1,6
709,2,2,1,4
710,1,7,1,5
711,2,6,4,5
712,2,2,1,5
713,2,3,3,3
714,4,4,3,7
715,3,2,4,6
716,7,4,3,7
717,7,1,7,5
718,3,1,1,1
719,4,7,2,6
720,5,6,2,1
721,4,2,6,1
722,2,5,5,7
723,6,3,7,2
724,3,6,5,7
725,7,6,6,6
726,5,2,1,6
727,7,5,2,1
728,6,3,7,4
729,5,1,7,7
730,3,4,7,3
731,3,7,5,5
732,6,4,3,7
733,7,6,5,3
734,4,5,3,4
735,1,4,5,6
736,6,4,2,1
737,5,4,3,1
738,6,5,6,6
739,3,5,2,1
740,6,6,7,1
741,2,4,4,1
742,4,4,5,6
743,3,7,2,4
744,6,4,3,5
745,3,5,1,6
746,3,1,4,7
747,7,7,3,5
748,7,6,7,6
749,4,3,7,6
750,5,5,5,5
751,7,3,4,6
752,4,4,2,3
753,1,2,3,4
754,6,3,5,2
755,1,3,3,1
756,5,4,5,7
757,3,6,2,3
758,4,5,6,1
759,7,3,3,6
760,6,1,7,6
761,1,5,7,6
762,4,1,3,3
763,2,3,2,5
764,7,2,5,3
765,4,7,3,6
766,4,1,1,7
767,3,5,7,2
768,5,4,1,5
769,3,2,1,3
770,6,3,4,1
771,7,6,5,4
772,6,1,6,1
773,6,2,7,1
774,1,2,7,3
775,6,7,1,6
776,1,2,4,3
777,4,5,7,4
778,7,2,3,2
779,2,5,2,2
780,2,5,2,6
781,6,7,6,6
782,3,5,7,4
783,4,4,5,5
784,7,5,2,4
785,3,7,1,1
786,6,5,5,6
787,4,1,1,6
788,6,2,7,1
789,1,5,3,3
790,5,7,4,4
791,1,4,1,1
792,7,1,4,3
793,1,7,7,5
794,4,1,1,1
795,1,3,3,2
796,5,6,6,2
797,6,6,2,7
798,5,4,4,6
799,1,6,3,4
800,1,4,1,1
801,1,2,1,7
802,7,1,2,3
803,7,4,7,2
804,1,2,3,4
805,2,1,4,2
806,5,6,3,3
807,6,7,2,1
808,6,2,5,5
809,1,3,3,5
810,5,6,4,2
811,6,6,3,6
812,4,6,6,3
813,1,4,4,5
814,3,3,1,6
815,7,4,3,2
816,5,5,1,7
817,1,4,6,6
818,1,7,6,7
819,3,2,1,4
820,5,1,3,4
821,6,1,1,2
822,1,7,1,2
823,4,6,4,5
824,4,4,4,6
825,3,2,2,7
826,4,6,3,7
827,5,1,2,6
828,3,4,6,1
829,4,7,1,2
830,7,5,3,2
831,6,5,3,2
832,3,2,6,6
833,5,6,3,7
834,3,7,2,7
835,4,7,1,3
836,2,3,4,3
837,1,6,7,6
838,6,5,1,6
839,6,2,7,2
840,1,2,7,6
841,3,4,5,2
842,1,4,2,3
843,2,5,2,3
844,3,3,7,3
845,4,3,5,5
846,1,6,6,7
847,2,2,7,6
848,6,6,2,6
849,6,3,5,1
850,2,3,1,6
851,3,1,3,6
852,7,1,5,1
853,1,7,5,6
854,2,4,4,1
855,3,2,4,1
856,4,6,2,1
857,4,4,2,4
858,1,6,4,4
859,3,5,3,4
860,5,2,4,6
861,2,2,5,3
862,5,7,6,6
863,3,3,6,1
864,6,3,1,6
865,1,5,6,3
866,1,2,4,3
867,5,6,1,6
868,7,5,3,4
869,1,1,2,5
870,2,7,7,7
871,5,4,4,7
872,2,7,5,5
873,3,6,6,7
874,7,3,1,5
875,4,3,1,3
876,1,2,5,7
877,1,3,2,1
878,4,2,1,3
879,5,7,2,7
880,2,2,4,6
881,1,5,5,4
882,2,2,2,4
883,3,3,2,2
884,6,6,2,3
885,1,6,6,4
886,5,5,7,2
887,5,3,6,3
888,4,4,5,7
889,6,1,1,7
890,1,2,4,1
891,2,2,1,7
892,4,2,5,7
893,7,2,7,6
894,4,3,7,4
895,5,5,3,7
896,4,7,6,7
897,7,5,6,6
898,1,6,7,5
899,7,2,5,7
900,2,7,6,6
901,5,2,5,4
902,5,2,3,3
903,1,3,5,5
904,1,2,2,6
905,7,3,7,5
906,1,7,6,1
907,5,1,1,1
908,1,3,4,6
909,6,5,2,2
910,6,5,4,5
911,5,4,7,2
912,4,4,6,3
913,6,6,3,6
914,5,3,6,2
915,2,3,6,7
916,2,6,5,2
917,2,7,4,4
918,3,1,4,3
919,5,7,6,4
920,4,5,7,5
921,7,6,2,2
922,6,5,2,4
923,7,7,1,2
924,7,7,4,5
925,4,1,6,4
926,5,3,4,7
927,5,2,7,2
928,7,1,6,7
929,6,6,1,7
930,4,1,4,6
931,6,3,4,1
932,5,6,4,5
933,2,1,7,4
934,2,7,3,2
935,6,2,3,7
936,5,3,3,5
937,3,6,3,3
938,2,5,1,2
939,3,6,4,3
940,6,4,2,3
941,2,2,2,4
942,6,7,5,1
943,5,7,1,5
944,1,1,4,2
945,2,2,3,7
946,1,7,3,4
947,1,1,3,1
948,2,1,4,1
949,3,7,7,4
950,3,6,4,4
951,6,2,1,3
952,2,5,7,4
953,7,5,2,5
954,2,2,2,3
955,7,4,5,5
956,6,5,4,5
957,5,4,5,5
958,2,7,5,6
959,5,2,6,6
960,5,6,6,1
961,3,1,5,2
962,6,5,3,5
963,6,2,5,2
964,6,4,4,5
965,7,5,6,3
966,1,3,5,1
967,2,1,7,2
968,4,4,6,6
969,4,1,4,3
970,1,6,6,2
971,5,3,7,5
972,1,2,1,5
973,2,1,1,2
974,7,2,2,3
975,6,3,5,2
976,4,6,2,5
977,2,7,5,1
978,6,3,3,2
979,2,3,7,3
980,2,6,7,7
981,6,3,7,7
982,1,2,3,4
983,4,6,1,5
984,2,7,7,5
985,3,2,5,6
986,7,6,6,4
987,6,7,5,3
988,5,5,3,4
989,7,4,6,4
990,2,4,7,2
991,1,3,3,6
992,5,2,5,1
993,5,7,6,5
994,1,7,7,7
995,6,3,2,5
996,1,4,3,7
997,7,6,1,4
998,4,2,3,1
999,7,2,1,1
