ID,interest,knowledge,helped_learning,rating
0,7,6,4,3
1,6,2,3,1
2,1,5,6,6
3,4,4,4,6
4,3,6,2,1
5,3,1,7,3
6,7,7,1,2
7,5,4,5,2
8,5,1,7,3
9,5,3,7,6
10,5,1,4,4
11,7,5,1,6
12,3,2,4,5
13,6,1,2,2
14,2,1,2,2
15,3,2,1,6
16,7,3,6,4
17,5,1,4,3
18,6,5,5,5
19,4,5,3,4
20,4,2,7,4
21,4,3,6,1
22,4,3,6,3
23,5,3,4,1
24,3,5,1,6
25,3,4,6,5
26,3,4,2,3
27,1,6,1,4
28,5,5,1,4
29,2,5,1,3
30,7,3,3,6
31,7,7,6,7
32,5,5,7,7
33,1,7,2,6
34,3,1,3,7
35,1,2,6,6
36,5,5,6,5
37,1,2,6,7
38,6,1,4,4
39,3,7,1,3
40,6,5,1,7
41,1,3,3,7
42,2,2,6,1
43,7,6,4,1
44,3,6,7,7
45,4,4,5,6
46,4,5,2,5
47,1,4,6,1
48,1,3,6,2
49,1,5,1,4
50,5,5,5,2
51,3,7,1,3
52,3,2,6,3
53,3,3,7,5
54,3,1,2,5
55,5,3,7,1
56,4,7,6,4
57,2,2,1,5
58,6,7,6,1
59,5,3,1,6
60,3,4,7,3
61,6,4,5,2
62,4,2,7,7
63,2,7,3,1
64,6,7,2,5
65,3,5,5,5
66,7,2,1,6
67,1,5,2,4
68,6,3,1,2
69,4,7,6,7
70,3,3,3,5
71,7,5,5,3
72,5,1,5,2
73,5,1,4,4
74,1,6,7,6
75,1,7,1,4
76,5,7,3,4
77,5,1,6,5
78,1,3,6,7
79,1,7,3,3
80,4,2,2,5
81,6,5,2,1
82,3,5,1,7
83,6,5,2,5
84,7,5,4,1
85,3,6,1,5
86,1,7,7,1
87,7,2,7,1
88,3,7,7,4
89,2,3,7,6
90,1,2,3,7
91,4,2,7,6
92,2,2,4,6
93,6,2,7,3
94,6,5,6,3
95,7,3,5,4
96,5,5,4,4
97,4,6,3,5
98,3,7,2,7
99,5,1,5,7
100,1,6,6,7
101,2,6,2,4
102,5,3,5,1
103,3,2,2,5
104,1,6,4,5
105,2,3,6,5
106,5,7,7,6
107,1,7,3,6
108,1,4,1,1
109,5,5,6,4
110,3,4,4,6
111,6,2,5,4
112,7,5,6,2
113,3,5,5,7
114,5,7,7,3
115,2,3,4,3
116,2,5,7,1
117,2,4,2,2
118,2,4,7,1
119,1,1,1,2
120,7,7,6,5
121,3,1,4,3
122,7,2,1,7
123,6,1,4,3
124,6,4,2,6
125,5,1,1,3
126,5,1,3,5
127,3,4,4,6
128,3,4,1,6
129,7,3,3,1
130,1,2,3,2
131,2,1,7,7
132,5,4,4,6
133,7,2,4,7
134,4,4,3,1
135,3,1,3,6
136,4,6,5,2
137,7,6,2,5
138,4,4,4,6
139,5,2,2,3
140,1,6,3,1
141,2,6,3,2
142,7,1,4,2
143,3,3,7,3
144,3,6,1,6
145,2,7,7,4
146,6,1,1,6
147,4,2,3,5
148,7,6,5,3
149,2,3,7,1
150,4,6,4,3
151,6,6,3,1
152,1,3,6,4
153,2,2,5,4
154,7,1,3,7
155,3,7,4,2
156,5,1,1,7
157,1,4,3,7
158,1,1,2,6
159,4,1,3,3
160,6,6,5,3
161,2,5,4,4
162,7,2,6,5
163,4,3,4,2
164,2,5,3,7
165,5,3,3,2
166,6,5,2,6
167,2,6,3,1
168,2,4,3,4
169,5,5,5,5
170,3,5,3,5
171,3,7,1,1
172,1,1,7,5
173,3,1,5,3
174,1,4,2,7
175,2,5,3,1
176,1,7,3,2
177,6,6,2,7
178,1,4,7,5
179,6,4,7,5
180,5,1,1,1
181,3,6,4,2
182,6,1,2,1
183,3,6,7,1
184,3,2,1,4
185,1,7,5,3
186,3,5,3,7
187,4,7,5,1
188,6,2,2,2
189,7,7,1,7
190,3,5,2,3
191,4,2,4,5
192,4,7,5,1
193,7,4,6,3
194,4,1,6,3
195,1,1,2,2
196,5,5,5,6
197,2,3,3,7
198,2,4,2,2
199,1,4,6,4
200,6,7,4,3
201,4,1,7,4
202,2,2,6,2
203,1,5,3,2
204,3,7,1,2
205,7,7,3,7
206,2,3,2,4
207,7,2,7,6
208,4,2,7,7
209,2,6,4,1
210,1,6,1,1
211,7,6,5,2
212,3,3,3,5
213,5,4,1,3
214,2,1,4,1
215,1,2,6,4
216,2,2,7,2
217,1,2,1,3
218,1,1,2,1
219,3,1,7,5
220,5,4,2,1
221,7,6,6,1
222,7,4,4,1
223,3,7,7,2
224,4,7,6,7
225,6,4,6,4
226,1,4,3,5
227,2,7,3,5
228,3,3,1,4
229,2,7,4,6
230,7,4,4,6
231,7,3,1,2
232,5,3,4,3
233,4,5,7,7
234,6,6,2,1
235,7,6,6,6
236,7,6,3,1
237,5,6,1,3
238,5,7,2,6
239,3,2,5,4
240,3,3,1,7
241,2,4,5,2
242,6,5,6,2
243,6,1,4,4
244,2,3,2,5
245,3,1,6,5
246,7,3,4,3
247,2,5,4,6
248,1,4,1,6
249,7,1,6,1
250,7,5,6,6
251,3,7,6,4
252,2,7,6,5
253,3,3,5,4
254,7,4,7,6
255,4,3,4,1
256,2,5,4,7
257,4,1,1,5
258,2,5,3,5
259,2,6,6,2
260,4,1,1,2
261,5,6,4,2
262,4,6,5,7
263,2,6,7,4
264,6,7,1,6
265,6,6,5,4
266,2,3,2,6
267,2,5,4,2
268,2,5,1,4
269,3,4,1,3
270,4,5,2,2
271,4,3,5,4
272,6,6,2,4
273,5,3,5,1
274,3,4,2,6
275,7,2,4,4
276,5,1,4,6
277,7,1,2,7
278,5,4,1,7
279,6,3,4,6
280,5,7,5,3
281,2,1,2,2
282,1,6,7,3
283,1,5,2,2
284,5,7,1,2
285,1,5,1,2
286,2,4,4,2
287,4,2,7,2
288,2,7,5,2
289,3,2,5,5
290,7,3,1,5
291,6,6,7,6
292,3,3,4,6
293,4,4,2,1
294,7,6,4,2
295,7,1,5,1
296,1,2,3,2
297,3,3,7,4
298,2,2,1,1
299,7,6,3,4
300,2,6,1,3
301,4,6,7,4
302,3,1,7,5
303,1,4,4,5
304,6,7,5,3
305,6,4,3,3
306,6,1,7,3
307,5,7,3,3
308,3,4,3,1
309,5,5,6,2
310,6,3,6,6
311,6,1,6,5
312,3,5,6,7
313,6,4,3,7
314,5,2,3,3
315,4,1,1,7
316,2,6,6,7
317,3,7,5,1
318,6,7,3,7
319,5,1,7,3
320,2,7,1,7
321,5,1,1,7
322,4,1,4,5
323,7,2,7,6
324,2,3,7,3
325,4,7,1,6
326,6,6,1,7
327,3,5,1,6
328,2,7,7,5
329,4,6,4,1
330,6,4,4,3
331,2,4,7,5
332,3,5,7,3
333,2,7,7,7
334,2,5,4,3
335,6,5,5,4
336,5,1,3,6
337,4,4,2,6
338,5,2,7,4
339,6,7,2,3
340,6,7,5,6
341,5,7,3,4
342,4,5,1,7
343,1,1,4,4
344,7,6,5,7
345,5,3,3,4
346,6,3,5,3
347,4,7,4,4
348,1,4,1,6
349,7,1,7,4
350,5,7,1,3
351,3,5,2,7
352,1,1,6,5
353,4,2,3,1
354,5,2,2,1
355,2,2,6,7
356,3,7,4,7
357,1,4,6,5
358,5,1,2,3
359,4,6,3,6
360,5,4,4,4
361,4,1,1,4
362,2,1,5,6
363,3,1,6,5
364,1,4,4,6
365,7,3,5,3
366,3,5,6,2
367,5,4,2,7
368,1,7,5,6
369,1,3,7,3
370,1,6,6,7
371,5,7,5,5
372,2,5,6,5
373,5,7,4,7
374,2,7,3,4
375,6,6,2,2
376,5,7,3,3
377,1,5,4,3
378,4,4,5,1
379,2,2,4,7
380,2,7,1,6
381,3,6,6,1
382,5,6,6,5
383,1,3,2,1
384,2,4,2,1
385,3,3,3,2
386,4,4,3,3
387,3,6,3,1
388,5,1,7,3
389,4,7,2,5
390,6,6,6,4
391,4,6,4,2
392,2,4,2,3
393,6,5,7,2
394,6,7,6,7
395,4,6,4,1
396,3,5,7,4
397,4,3,1,1
398,5,7,7,6
399,6,2,1,4
400,5,6,4,6
401,1,6,2,2
402,7,1,1,1
403,2,1,3,7
404,5,3,7,2
405,2,3,6,1
406,1,3,7,3
407,4,5,5,5
408,1,7,7,7
409,5,7,3,5
410,4,5,7,6
411,4,5,6,3
412,6,3,2,4
413,5,4,6,2
414,5,7,1,4
415,7,3,4,3
416,1,1,2,3
417,7,5,1,6
418,5,1,6,4
419,3,3,1,1
420,4,4,5,7
421,3,5,7,1
422,7,4,5,1
423,4,5,1,7
424,5,7,5,2
425,3,7,6,2
426,3,4,2,5
427,1,7,6,3
428,3,2,6,5
429,4,5,7,4
430,7,6,5,3
431,1,3,7,7
432,1,2,2,4
433,7,5,1,6
434,7,2,3,1
435,5,4,6,6
436,1,5,3,3
437,2,6,2,7
438,7,5,6,6
439,5,6,4,2
440,3,6,3,4
441,4,7,4,3
442,1,1,1,2
443,6,6,7,6
444,4,4,7,4
445,1,6,5,4
446,2,5,6,7
447,6,4,5,2
448,6,4,1,2
449,7,6,1,7
450,2,3,1,4
451,1,5,7,7
452,3,4,4,1
453,1,1,5,1
454,6,5,4,3
455,6,3,4,5
456,5,2,1,7
457,1,2,3,4
458,2,3,4,5
459,5,1,4,6
460,7,6,1,7
461,1,2,1,5
462,2,2,7,4
463,2,3,6,3
464,5,7,5,6
465,2,3,1,7
466,4,6,2,2
467,6,7,1,5
468,3,7,4,7
469,3,1,1,2
470,3,3,3,7
471,5,6,3,4
472,1,7,7,6
473,1,2,3,4
474,1,2,6,7
475,6,2,5,6
476,5,2,7,6
477,5,1,4,2
478,6,5,4,6
479,7,7,4,7
480,3,4,2,6
481,3,5,3,4
482,3,6,1,2
483,5,7,5,4
484,6,7,2,7
485,7,7,4,7
486,7,2,2,7
487,5,4,6,6
488,6,4,7,7
489,3,2,6,4
490,7,7,6,6
491,7,4,4,1
492,6,2,7,2
493,5,7,1,6
494,2,3,6,6
495,6,6,4,6
496,6,4,1,1
497,1,3,5,3
498,6,5,1,3
499,2,5,5,6
500,7,5,1,7
501,4,2,5,6
502,5,1,6,2
503,7,2,7,1
504,7,1,4,3
505,2,6,6,1
506,5,1,6,2
507,7,7,3,3
508,7,1,3,1
509,6,3,1,4
510,6,7,4,5
511,2,3,7,3
512,1,7,7,2
513,7,7,1,5
514,2,7,3,7
515,4,4,3,5
516,1,7,6,5
517,1,4,7,6
518,2,1,5,6
519,1,4,3,5
520,7,7,1,5
521,3,5,4,7
522,7,2,5,1
523,1,6,3,1
524,7,6,1,2
525,5,2,3,6
526,6,3,1,5
527,4,3,4,6
528,6,6,1,6
529,5,5,7,6
530,1,5,3,1
531,3,3,4,7
532,3,1,6,6
533,7,5,6,6
534,4,2,7,2
535,1,4,4,6
536,4,1,7,7
537,7,3,6,4
538,7,7,2,7
539,2,5,7,4
540,6,5,5,1
541,1,2,4,2
542,1,6,3,5
543,7,5,3,6
544,1,5,7,3
545,3,7,6,1
546,2,5,7,5
547,4,3,4,4
548,3,4,5,1
549,2,1,2,4
550,6,1,3,1
551,1,6,3,3
552,7,2,3,7
553,4,1,3,7
554,2,3,1,3
555,5,7,7,3
556,7,7,2,5
557,2,5,2,6
558,3,5,4,3
559,3,6,1,5
560,7,1,3,2
561,1,3,7,7
562,4,7,1,2
563,7,2,2,1
564,4,5,6,2
565,7,3,6,1
566,7,7,7,4
567,1,1,6,3
568,7,1,4,6
569,6,7,3,6
570,7,5,3,1
571,5,1,1,6
572,3,1,3,4
573,1,2,3,6
574,1,1,6,4
575,4,1,5,4
576,5,3,4,3
577,5,2,1,7
578,4,3,4,3
579,6,1,1,1
580,3,7,4,7
581,2,5,1,2
582,6,7,2,4
583,2,1,1,6
584,6,2,1,1
585,6,4,1,7
586,5,3,4,6
587,4,6,4,1
588,7,5,6,6
589,7,5,1,7
590,6,7,4,6
591,2,6,1,7
592,3,1,7,4
593,2,3,2,5
594,5,1,2,4
595,2,1,3,5
596,7,7,4,7
597,7,5,6,3
598,3,5,7,7
599,5,7,5,4
600,6,2,6,4
601,7,6,1,5
602,1,3,5,7
603,4,5,4,5
604,7,6,1,1
605,7,5,7,4
606,2,2,1,4
607,6,1,5,5
608,3,5,7,1
609,3,2,4,1
610,6,4,2,1
611,7,1,4,7
612,6,7,3,5
613,6,5,3,4
614,7,6,6,5
615,7,4,2,6
616,5,4,5,2
617,1,4,5,3
618,1,7,6,5
619,3,4,7,7
620,4,6,1,1
621,2,2,4,4
622,7,5,7,1
623,4,2,5,7
624,5,4,1,1
625,4,1,2,7
626,7,5,3,6
627,4,4,4,4
628,3,3,5,7
629,4,5,7,4
630,4,7,3,1
631,6,5,6,2
632,6,1,2,6
633,6,5,6,2
634,7,5,4,7
635,2,7,7,1
636,2,5,1,2
637,2,7,1,2
638,7,5,3,1
639,3,2,3,6
640,5,3,2,3
641,5,1,4,6
642,3,4,6,7
643,5,2,4,6
644,1,1,5,2
645,4,5,1,3
646,1,4,7,2
647,2,6,5,2
648,1,4,3,1
649,1,2,4,4
650,6,2,3,4
651,3,5,7,5
652,2,4,7,1
653,1,4,2,5
654,6,5,7,5
655,7,5,5,6
656,4,1,5,4
657,3,5,2,5
658,2,1,2,4
659,5,4,5,7
660,4,1,4,4
661,6,2,4,5
662,1,6,5,4
663,4,4,2,6
664,6,2,1,5
665,4,3,4,7
666,4,6,7,1
667,1,5,7,2
668,7,1,6,7
669,1,1,6,4
670,5,2,1,5
671,7,3,3,7
672,3,3,6,7
673,5,6,4,5
674,6,2,3,1
675,1,2,2,7
676,7,7,3,2
677,4,7,4,5
678,5,6,6,2
679,6,6,4,4
680,2,4,6,4
681,4,7,5,3
682,4,7,1,4
683,5,3,3,6
684,1,6,6,4
685,1,2,7,4
686,3,3,5,7
687,3,6,5,2
688,2,2,7,5
689,2,1,3,4
690,6,5,6,3
691,6,4,4,7
692,2,2,6,4
693,5,2,7,7
694,1,6,6,3
695,1,3,5,3
696,7,1,4,3
697,7,1,6,1
698,1,3,3,4
699,1,1,3,3
700,3,3,2,6
701,7,1,7,7
702,4,6,6,5
703,6,1,2,4
704,5,7,6,3
705,3,2,7,5
706,6,6,2,6
707,3,4,7,3
708,5,4,5,5
709,3,4,6,5
710,3,4,6,1
711,2,6,3,2
712,3,3,7,6
713,5,2,6,7
714,7,2,6,1
715,3,3,2,6
716,4,6,4,6
717,3,6,4,1
718,3,1,7,3
719,6,1,6,6
720,3,1,2,1
721,2,2,1,1
722,5,1,1,2
723,5,6,3,6
724,1,1,5,6
725,7,3,4,7
726,2,1,1,3
727,5,6,3,4
728,3,4,1,1
729,3,2,4,7
730,6,2,2,2
731,5,3,2,4
732,7,4,3,6
733,3,5,4,2
734,3,4,1,4
735,2,6,6,2
736,4,1,3,7
737,6,2,7,5
738,7,7,5,7
739,2,7,3,7
740,6,2,4,1
741,2,7,2,4
742,2,5,3,7
743,5,7,3,5
744,3,2,1,5
745,2,7,4,2
746,4,3,2,3
747,3,4,5,3
748,7,3,5,6
749,5,1,6,3
750,4,7,3,5
751,7,2,6,2
752,2,4,2,3
753,3,6,4,1
754,6,7,5,3
755,5,4,1,6
756,1,4,4,3
757,1,7,4,2
758,1,2,1,3
759,1,4,2,7
760,2,4,3,2
761,3,3,1,2
762,1,2,1,5
763,4,3,6,1
764,1,2,6,7
765,1,6,5,4
766,4,6,7,5
767,5,7,7,2
768,2,7,6,4
769,2,5,4,6
770,3,6,6,5
771,7,3,2,3
772,2,7,2,1
773,4,2,6,6
774,7,7,5,5
775,5,1,7,3
776,7,5,4,2
777,2,2,7,6
778,1,7,1,4
779,3,5,3,3
780,6,7,7,1
781,5,7,7,1
782,1,2,2,6
783,3,5,3,4
784,5,2,2,3
785,7,1,7,7
786,6,7,3,6
787,4,6,5,5
788,7,3,6,2
789,7,1,6,4
790,3,6,2,3
791,1,2,5,5
792,7,1,3,5
793,5,2,2,3
794,6,5,7,1
795,6,5,2,7
796,5,1,6,3
797,2,7,3,2
798,2,2,7,6
799,5,5,7,3
800,5,4,7,1
801,2,6,4,6
802,1,5,4,1
803,4,1,7,3
804,1,7,1,1
805,7,4,6,6
806,1,2,7,3
807,2,6,1,3
808,4,7,7,6
809,1,5,7,3
810,4,3,5,7
811,3,5,5,6
812,1,5,4,4
813,5,7,2,6
814,4,1,5,3
815,5,4,4,6
816,3,1,4,3
817,7,6,6,2
818,7,7,7,4
819,1,4,5,4
820,1,7,4,6
821,7,1,4,6
822,3,1,7,5
823,6,6,3,4
824,6,6,1,4
825,6,2,7,2
826,1,2,7,7
827,2,5,1,5
828,6,4,5,1
829,1,6,2,4
830,7,4,4,4
831,3,7,1,6
832,6,2,4,6
833,3,6,1,5
834,6,4,2,5
835,3,6,4,6
836,5,2,7,2
837,2,3,4,5
838,7,3,7,3
839,6,7,4,1
840,4,3,3,7
841,2,2,6,5
842,2,2,7,7
843,7,5,3,3
844,1,4,6,6
845,3,2,1,3
846,1,3,3,4
847,5,6,5,6
848,1,4,3,7
849,4,4,3,2
850,4,4,1,3
851,4,5,1,7
852,6,7,3,4
853,2,3,4,2
854,6,2,6,5
855,2,1,2,4
856,2,6,2,2
857,6,3,1,5
858,1,5,6,3
859,3,5,5,5
860,5,3,2,5
861,1,7,6,4
862,2,5,7,1
863,1,7,4,5
864,6,1,4,1
865,7,4,5,2
866,5,4,7,3
867,2,4,4,6
868,3,3,6,5
869,5,6,1,4
870,5,4,6,4
871,1,7,3,5
872,5,6,2,6
873,5,1,6,5
874,4,3,2,6
875,2,1,1,4
876,7,5,1,7
877,4,4,7,6
878,2,5,1,6
879,3,3,4,6
880,5,2,4,7
881,7,1,7,4
882,5,5,7,5
883,7,2,3,5
884,3,6,6,3
885,4,6,3,2
886,1,4,6,6
887,2,6,6,4
888,5,4,2,5
889,6,3,6,5
890,6,6,2,4
891,4,1,2,5
892,1,6,5,7
893,7,1,6,1
894,7,6,7,2
895,7,5,5,4
896,1,6,3,2
897,2,4,3,1
898,1,3,5,7
899,7,7,4,7
900,7,6,3,6
901,3,2,1,1
902,3,2,2,4
903,5,3,7,7
904,1,5,1,4
905,3,6,2,4
906,6,2,2,6
907,3,4,5,5
908,1,5,1,2
909,2,7,1,5
910,5,2,4,1
911,5,6,7,1
912,1,6,5,1
913,2,4,1,7
914,6,3,7,2
915,2,1,5,1
916,3,5,6,3
917,3,6,6,2
918,3,7,4,6
919,3,6,2,5
920,7,6,1,1
921,7,1,7,5
922,4,3,6,2
923,1,1,7,4
924,1,1,5,4
925,4,6,7,3
926,3,5,7,2
927,2,5,4,7
928,2,6,1,4
929,2,1,5,6
930,3,7,3,5
931,4,5,7,3
932,4,3,6,5
933,4,7,1,1
934,6,2,3,1
935,7,4,4,1
936,6,6,6,5
937,2,4,6,5
938,3,2,5,2
939,2,2,1,1
940,2,4,6,7
941,6,2,6,4
942,2,7,4,6
943,1,3,2,4
944,2,7,4,1
945,4,7,7,1
946,4,4,1,7
947,4,1,3,1
948,7,4,1,3
949,1,5,1,1
950,2,6,2,7
951,2,2,5,4
952,1,2,3,4
953,2,5,4,1
954,3,2,5,3
955,7,7,2,4
956,2,2,6,2
957,1,1,6,1
958,1,3,4,7
959,6,6,5,2
960,2,4,2,2
961,2,6,7,3
962,2,4,6,2
963,2,1,3,7
964,3,2,7,2
965,3,5,5,7
966,5,1,6,6
967,4,7,6,6
968,4,6,6,6
969,6,4,6,4
970,3,5,3,4
971,6,7,4,5
972,5,3,4,7
973,2,5,4,4
974,2,6,5,3
975,1,3,3,7
976,2,6,7,3
977,4,3,5,6
978,3,6,4,1
979,7,1,4,7
980,4,3,6,1
981,1,2,7,5
982,2,3,2,5
983,6,1,4,6
984,6,4,4,1
985,4,1,1,2
986,7,2,7,3
987,5,2,6,7
988,6,2,5,6
989,3,3,7,2
990,3,4,5,4
991,4,4,4,7
992,6,3,4,3
993,2,6,3,5
994,6,4,5,4
995,7,6,5,1
996,3,4,6,3
997,2,5,5,5
998,4,5,3,3
999,7,2,2,3
